0.312364 0.391371 2.107169
1 -1 -1 -1
0.332384 0.453383 1.567433
1 -1 -1 -1
0.266221 0.544447 2.180814
1 -1 -1 -1
0.292345 0.376357 2.126313
1 -1 -1 -1
0.319444 0.591933 2.203873
1 -1 -1 -1
0.359605 0.542372 2.160435
1 -1 -1 -1
0.351304 0.631850 2.801056
1 -1 -1 -1
0.348619 0.672011 1.446660
1 -1 -1 -1
0.348497 0.889906 2.067682
1 -1 -1 -1
0.324327 0.940810 2.121555
1 -1 -1 -1
0.360948 0.630507 2.740917
1 -1 -1 -1
0.321763 0.347792 2.283386
1 -1 -1 -1
0.696275 1.370619 1.566927
1 -1 -1 -1
0.350206 0.577284 2.499769
1 -1 -1 -1
0.378526 0.632216 2.047610
1 -1 -1 -1
0.353136 0.498305 2.102493
1 -1 -1 -1
0.348131 0.726454 1.608309
1 -1 -1 -1
0.411851 0.981093 2.422426
1 -1 -1 -1
0.285264 0.460219 2.023679
1 -1 -1 -1
0.555851 0.927059 1.409110
-1 1 -1 -1
0.813298 0.861507 1.327880
-1 1 -1 -1
0.786564 0.678035 1.407890
-1 1 -1 -1
0.658146 0.667659 1.332355
-1 1 -1 -1
0.407780 0.779354 1.548426
-1 1 -1 -1
0.702092 0.681942 1.425850
-1 1 -1 -1
0.696476 0.856258 1.391445
-1 1 -1 -1
0.711247 0.796199 1.488130
-1 1 -1 -1
0.591374 0.814998 1.407507
-1 1 -1 -1
0.770451 0.612728 1.451614
-1 1 -1 -1
0.607731 0.446224 1.465373
-1 1 -1 -1
0.732731 0.718685 1.428534
-1 1 -1 -1
0.449528 0.499691 1.430590
-1 1 -1 -1
0.449772 0.745418 1.468686
-1 1 -1 -1
0.639470 0.554134 1.449013
-1 1 -1 -1
0.502629 1.007259 1.409432
-1 1 -1 -1
0.599675 0.794857 1.387616
-1 1 -1 -1
0.805607 0.631893 1.391572
-1 1 -1 -1
0.643498 0.505306 1.410135
-1 1 -1 -1
0.423649 0.647152 1.407339
-1 1 -1 -1
1.184279 1.503099 1.130191
-1 -1 1 -1
1.873976 0.848191 1.134881
-1 -1 1 -1
1.095534 1.479173 1.130964
-1 -1 1 -1
2.102248 0.989183 1.148391
-1 -1 1 -1
1.393752 0.724412 1.172458
-1 -1 1 -1
1.313552 0.963304 1.153705
-1 -1 1 -1
1.554885 0.789598 1.147880
-1 -1 1 -1
1.818923 2.008958 1.155225
-1 -1 1 -1
0.964064 1.432176 1.108501
-1 -1 1 -1
1.714553 1.570970 1.152310
-1 -1 1 -1
1.715529 1.678392 1.111743
-1 -1 1 -1
1.424025 1.588182 1.113124
-1 -1 1 -1
1.182082 1.485398 1.149810
-1 -1 1 -1
1.508010 0.986863 1.130205
-1 -1 1 -1
1.837111 0.781419 1.131651
-1 -1 1 -1
2.009963 1.485032 1.013205
-1 -1 1 -1
1.259475 1.979905 1.210644
-1 -1 1 -1
1.779250 0.994554 1.114133
-1 -1 1 -1
2.259352 1.078660 1.108548
-1 -1 1 -1
2.269983 0.854407 0.972653
-1 -1 -1 1
1.700769 1.540930 0.893503
-1 -1 -1 1
1.711023 1.609290 1.069312
-1 -1 -1 1
1.862512 0.985388 0.913486
-1 -1 -1 1
1.587976 1.497107 1.054429
-1 -1 -1 1
2.161462 0.508215 0.892616
-1 -1 -1 1
1.781335 1.547766 1.072991
-1 -1 -1 1
2.080530 1.207922 0.991404
-1 -1 -1 1
2.189661 1.325964 0.971678
-1 -1 -1 1
2.144983 1.227820 0.991325
-1 -1 -1 1
1.804773 1.713782 0.894934
-1 -1 -1 1
1.354578 1.577185 0.971692
-1 -1 -1 1
1.474206 0.134314 1.074635
-1 -1 -1 1
1.661829 1.203894 0.990030
-1 -1 -1 1
2.165491 1.208899 0.975717
-1 -1 -1 1
2.471277 1.162512 0.971859
-1 -1 -1 1
2.373498 1.706824 0.953011
-1 -1 -1 1
2.100793 1.806921 0.870317
-1 -1 -1 1
1.575403 0.926672 1.075090
-1 -1 -1 1
2.453577 1.742590 0.989624
-1 -1 -1 1
1.659143 1.376379 0.992365
-1 -1 -1 1
1.604211 0.813147 0.994157
-1 -1 -1 1
2.544275 1.213049 0.991269
-1 -1 -1 1
