81 3 4
0.649757 0.399926 2.125275
1 -1 -1 -1
0.554542 0.317406 2.065651
1 -1 -1 -1
0.604225 0.296288 2.758563
1 -1 -1 -1
0.513527 0.248192 2.203016
1 -1 -1 -1
0.528175 0.329613 2.163351
1 -1 -1 -1
0.629127 0.206810 1.546748
1 -1 -1 -1
0.554664 0.291527 2.801340
1 -1 -1 -1
0.692848 0.252343 2.084365
1 -1 -1 -1
0.665992 0.381737 2.084715
1 -1 -1 -1
0.568580 0.299218 1.465885
1 -1 -1 -1
0.541603 0.260765 2.106014
1 -1 -1 -1
0.462989 0.355614 2.917852
1 -1 -1 -1
0.835304 0.767968 1.548840
1 -1 -1 -1
0.608986 0.348778 2.043426
1 -1 -1 -1
0.472877 0.305199 2.619892
1 -1 -1 -1
0.567237 0.368431 2.106667
1 -1 -1 -1
0.651344 0.393090 2.025921
1 -1 -1 -1
0.676612 0.448632 1.406513
1 -1 -1 -1
0.450294 0.258934 2.087159
1 -1 -1 -1
1.019686 0.758391 1.865593
-1 1 -1 -1
1.112093 0.823698 1.331026
-1 1 -1 -1
0.922884 0.669523 0.892708
-1 1 -1 -1
1.000765 0.821989 1.410585
-1 1 -1 -1
0.975984 0.621183 1.486114
-1 1 -1 -1
1.016390 0.819914 1.432843
-1 1 -1 -1
0.953157 0.795866 1.406786
-1 1 -1 -1
1.005770 0.731535 1.447682
-1 1 -1 -1
0.944124 0.595793 1.429064
-1 1 -1 -1
0.889681 0.719084 1.430072
-1 1 -1 -1
0.950472 0.554411 1.489056
-1 1 -1 -1
0.901766 0.652433 1.426865
-1 1 -1 -1
0.896150 0.607634 1.410193
-1 1 -1 -1
0.942781 0.746306 1.508211
-1 1 -1 -1
0.801058 0.734099 1.408742
-1 1 -1 -1
0.981234 0.873625 1.450876
-1 1 -1 -1
0.835726 0.802580 1.370755
-1 1 -1 -1
0.917391 0.785002 1.425831
-1 1 -1 -1
0.990511 0.820524 1.369610
-1 1 -1 -1
1.014315 0.985563 1.429686
-1 1 -1 -1
1.480403 1.654363 1.110567
-1 -1 1 -1
1.400203 2.027654 1.113135
-1 -1 1 -1
1.361140 1.310246 1.151493
-1 -1 1 -1
1.352107 2.073674 1.129358
-1 -1 1 -1
1.342586 1.436589 1.172376
-1 -1 1 -1
1.232356 1.385930 1.170989
-1 -1 1 -1
1.293025 1.509953 1.131221
-1 -1 1 -1
1.307796 1.950383 1.152576
-1 -1 1 -1
1.442805 1.534245 1.150037
-1 -1 1 -1
1.354549 1.816960 1.133837
-1 -1 1 -1
1.415095 1.699162 1.128808
-1 -1 1 -1
1.399959 1.499455 1.090761
-1 -1 1 -1
1.464046 1.322331 1.153800
-1 -1 1 -1
1.307307 1.609563 1.128896
-1 -1 1 -1
1.435603 1.763982 1.131873
-1 -1 1 -1
1.291194 1.914739 1.112750
-1 -1 1 -1
1.316707 1.678532 1.132457
-1 -1 1 -1
1.268367 1.902287 1.091104
-1 -1 1 -1
1.338313 1.798405 1.113394
-1 -1 1 -1
1.657488 1.900618 0.971826
-1 -1 -1 1
1.569109 1.860456 0.973519
-1 -1 -1 1
1.746721 1.485945 0.990785
-1 -1 -1 1
1.790178 1.800642 0.973678
-1 -1 -1 1
1.642962 1.570417 0.991226
-1 -1 -1 1
1.528460 1.756330 0.974930
-1 -1 -1 1
1.651140 1.839338 0.991171
-1 -1 -1 1
1.571184 1.952619 0.973852
-1 -1 -1 1
1.545427 2.014875 0.993836
-1 -1 -1 1
1.622088 2.245588 0.969902
-1 -1 -1 1
1.604631 1.803450 0.994737
-1 -1 -1 1
1.537249 1.632673 0.969713
-1 -1 -1 1
1.591936 1.621321 0.975534
-1 -1 -1 1
1.665178 1.831770 0.993144
-1 -1 -1 1
1.604754 2.202253 0.990716
-1 -1 -1 1
1.769548 2.169538 0.954127
-1 -1 -1 1
1.590960 1.887800 0.972768
-1 -1 -1 1
1.651140 1.845808 0.969498
-1 -1 -1 1
1.645281 1.406111 0.954066
-1 -1 -1 1
1.531878 2.422102 0.991822
-1 -1 -1 1
1.548113 1.697248 1.012800
-1 -1 -1 1
1.612566 1.445661 0.994112
-1 -1 -1 1
1.552141 2.526594 0.971858
-1 -1 -1 1
