0.505713 0.743921 2.025754
1 -1 -1 -1
1.205175 0.568628 2.144234
1 -1 -1 -1
1.279272 0.598780 2.043639
1 -1 -1 -1
1.233374 0.424341 2.164800
1 -1 -1 -1
1.633642 0.421534 2.203016
1 -1 -1 -1
1.469702 0.527002 2.163351
1 -1 -1 -1
2.249609 0.523951 2.181856
1 -1 -1 -1
1.772802 0.459742 2.166232
1 -1 -1 -1
2.099707 0.420679 2.084365
1 -1 -1 -1
1.889868 0.521509 2.084715
1 -1 -1 -1
1.912329 0.497827 2.122090
1 -1 -1 -1
1.345068 0.454248 2.104550
1 -1 -1 -1
1.627173 0.210596 2.263111
1 -1 -1 -1
2.326513 0.690699 2.063430
1 -1 -1 -1
1.552710 0.524805 2.104582
1 -1 -1 -1
1.263403 0.412622 2.044146
1 -1 -1 -1
2.174414 0.465967 2.106667
1 -1 -1 -1
2.033667 0.512232 2.022170
1 -1 -1 -1
1.742041 0.592432 2.004908
1 -1 -1 -1
1.291479 0.433985 2.027298
1 -1 -1 -1
2.715881 0.773133 1.406592
-1 1 -1 -1
3.609557 0.902284 1.331026
-1 1 -1 -1
3.019347 1.008607 1.407831
-1 1 -1 -1
2.429626 0.695008 1.390410
-1 1 -1 -1
2.027160 0.823548 1.490773
-1 1 -1 -1
3.326476 0.750672 1.406609
-1 1 -1 -1
2.206847 0.714661 1.388453
-1 1 -1 -1
1.419006 0.770692 1.510740
-1 1 -1 -1
2.002624 0.634461 1.407708
-1 1 -1 -1
2.903869 0.855409 1.450164
-1 1 -1 -1
2.521423 0.671693 1.465738
-1 1 -1 -1
3.273254 0.958558 1.409499
-1 1 -1 -1
1.430968 0.779115 1.450044
-1 1 -1 -1
2.654357 0.762391 1.469105
-1 1 -1 -1
2.683410 0.816590 1.428854
-1 1 -1 -1
2.943175 0.830628 1.429687
-1 1 -1 -1
2.359557 0.850892 1.387469
-1 1 -1 -1
2.780578 0.803407 1.390996
-1 1 -1 -1
2.274718 0.855409 1.410145
-1 1 -1 -1
2.062072 0.949647 1.407601
-1 1 -1 -1
3.636830 2.372081 1.130654
-1 -1 1 -1
3.003407 2.022472 1.111489
-1 -1 1 -1
2.310170 2.219615 1.154798
-1 -1 1 -1
3.613759 2.084117 1.148388
-1 -1 1 -1
3.859975 2.108287 1.172036
-1 -1 1 -1
3.891469 2.213756 1.153297
-1 -1 1 -1
3.839223 1.892100 1.129185
-1 -1 1 -1
3.267445 2.219371 1.153455
-1 -1 1 -1
3.033437 1.823253 1.129779
-1 -1 1 -1
3.869008 2.282359 1.131742
-1 -1 1 -1
2.790273 2.081187 1.132340
-1 -1 1 -1
3.816274 2.352428 1.112425
-1 -1 1 -1
3.121205 2.029796 1.150221
-1 -1 1 -1
3.146474 1.705821 1.130473
-1 -1 1 -1
3.368764 2.234386 1.131528
-1 -1 1 -1
2.632192 2.305431 1.094683
-1 -1 1 -1
3.709584 2.224010 1.128350
-1 -1 1 -1
3.617177 2.443736 1.110981
-1 -1 1 -1
3.835194 2.178233 1.092375
-1 -1 1 -1
3.138152 2.842683 0.972407
-1 -1 -1 1
3.711394 3.062165 0.970097
-1 -1 -1 1
3.485442 2.773103 0.992009
-1 -1 -1 1
3.227752 3.318513 0.975378
-1 -1 -1 1
2.968474 2.549104 0.993269
-1 -1 -1 1
3.535613 2.946931 0.969835
-1 -1 -1 1
3.427214 2.844880 0.995548
-1 -1 -1 1
3.855925 3.194612 0.990409
-1 -1 -1 1
3.078948 3.083039 0.972971
-1 -1 -1 1
4.072966 3.383088 0.991023
-1 -1 -1 1
3.540740 2.560090 0.976140
-1 -1 -1 1
3.153777 3.231721 0.971645
-1 -1 -1 1
3.102996 2.897248 0.993194
-1 -1 -1 1
3.986785 2.813874 0.990734
-1 -1 -1 1
3.422332 2.978791 0.974962
-1 -1 -1 1
3.968474 3.239778 0.971910
-1 -1 -1 1
4.072722 2.924104 0.950002
-1 -1 -1 1
3.902800 3.053743 0.956067
-1 -1 -1 1
2.680755 3.371003 0.992606
-1 -1 -1 1
4.011199 2.738069 0.990033
-1 -1 -1 1
3.624724 3.206819 0.991495
-1 -1 -1 1
3.823943 3.441682 0.994390
-1 -1 -1 1
3.969817 3.372102 0.990958
-1 -1 -1 1
