129 4 3
-44.351450 -73.373670 39.000000 178.000000
1 -1 -1
-56.024423 -65.652723 38.000000 173.000000
1 -1 -1
-55.387827 -81.247205 35.000000 175.000000
1 -1 -1
-49.539438 -61.649423 55.000000 163.000000
1 -1 -1
-54.712167 -65.774793 32.000000 174.000000
1 -1 -1
-59.717050 -66.491956 38.000000 176.000000
1 -1 -1
-64.017740 -74.899549 38.000000 163.000000
1 -1 -1
-80.560560 -75.006361 31.000000 175.000000
1 -1 -1
-62.890878 -75.113172 41.000000 174.000000
1 -1 -1
-55.032602 -71.771497 71.000000 175.000000
1 -1 -1
-48.448129 -79.342298 40.000000 175.000000
1 -1 -1
-55.805307 -68.918104 49.000000 170.000000
1 -1 -1
-84.237928 -73.930311 33.000000 172.000000
1 -1 -1
-45.160165 -67.117567 47.000000 160.000000
1 -1 -1
-65.729017 -78.195448 22.000000 169.000000
1 -1 -1
-55.383554 -65.637464 33.000000 167.000000
1 -1 -1
-74.652357 -65.484876 23.000000 158.000000
1 -1 -1
-61.944833 -72.015638 41.000000 171.000000
1 -1 -1
-49.402109 -76.379652 36.000000 176.000000
1 -1 -1
-132.803155 -97.799492 34.000000 155.000000
1 -1 -1
-149.481011 -103.826714 32.000000 149.000000
1 -1 -1
-122.917291 -103.262139 34.000000 146.000000
1 -1 -1
-118.169976 -108.160210 52.000000 147.000000
1 -1 -1
-109.997368 -92.153741 37.000000 154.000000
1 -1 -1
-121.877862 -98.241997 43.000000 157.000000
1 -1 -1
-113.531304 -95.464898 56.000000 154.000000
1 -1 -1
-132.147027 -88.216973 40.000000 163.000000
1 -1 -1
-115.270806 -94.657708 47.000000 154.000000
1 -1 -1
-103.475762 -98.104668 39.000000 153.000000
1 -1 -1
-126.577569 -91.741753 41.000000 157.000000
1 -1 -1
-138.372613 -85.485650 37.000000 153.000000
1 -1 -1
-123.052788 -88.384820 40.000000 163.000000
1 -1 -1
-121.343804 -76.452447 41.000000 158.000000
1 -1 -1
-136.770440 -90.048028 39.000000 153.000000
1 -1 -1
-130.392266 -80.969048 42.000000 163.000000
1 -1 -1
-126.502495 -87.392998 49.000000 150.000000
1 -1 -1
-129.736138 -80.724908 41.000000 149.000000
1 -1 -1
-128.591729 -90.566826 46.000000 160.000000
1 -1 -1
-142.248345 -85.333062 53.000000 150.000000
1 -1 -1
-200.305188 -117.995618 24.000000 135.000000
1 -1 -1
-188.723767 -118.289197 27.000000 133.000000
1 -1 -1
-176.016248 -117.541516 24.000000 145.000000
1 -1 -1
-189.250806 -113.696302 27.000000 148.000000
1 -1 -1
-188.082898 -106.362470 28.000000 134.000000
1 -1 -1
-174.639905 -117.938245 30.000000 137.000000
1 -1 -1
-181.915296 -119.540418 29.000000 135.000000
1 -1 -1
-191.363538 -115.283216 37.000000 135.000000
1 -1 -1
-192.172254 -114.062512 38.000000 136.000000
1 -1 -1
-197.704480 -117.465222 25.000000 144.000000
1 -1 -1
-186.755384 -109.942639 38.000000 136.000000
1 -1 -1
-204.119885 -113.833631 26.000000 133.000000
1 -1 -1
-161.669934 -117.556775 29.000000 149.000000
1 -1 -1
-188.174451 -105.868543 26.000000 134.000000
1 -1 -1
-182.696546 -107.135022 36.000000 132.000000
1 -1 -1
-204.074109 -121.722425 25.000000 133.000000
1 -1 -1
-211.962903 -110.079968 25.000000 132.000000
1 -1 -1
-221.408093 -116.412366 25.000000 132.000000
1 -1 -1
-183.078015 -122.882093 26.000000 134.000000
1 -1 -1
-231.364034 -155.253194 37.000000 136.000000
1 -1 -1
-243.082784 -147.593282 35.000000 137.000000
1 -1 -1
-243.204854 -139.597676 37.000000 138.000000
1 -1 -1
-228.510640 -146.799825 35.000000 137.000000
1 -1 -1
-236.780904 -134.150289 37.000000 137.000000
1 -1 -1
-242.411397 -158.289693 37.000000 135.000000
1 -1 -1
-236.750386 -145.441793 24.000000 135.000000
1 -1 -1
-231.180928 -152.537130 35.000000 137.000000
1 -1 -1
-241.465352 -150.477193 37.000000 136.000000
1 -1 -1
-285.670079 -152.903340 35.000000 137.000000
1 -1 -1
-249.857686 -145.792745 38.000000 137.000000
1 -1 -1
-225.886129 -142.985128 26.000000 139.000000
1 -1 -1
-263.331212 -139.445089 35.000000 138.000000
1 -1 -1
-225.855611 -139.780782 38.000000 136.000000
1 -1 -1
-227.762960 -140.330098 26.000000 135.000000
1 -1 -1
-231.714986 -151.026509 35.000000 134.000000
1 -1 -1
-244.608663 -154.108785 38.000000 135.000000
1 -1 -1
-244.013570 -144.053243 38.000000 140.000000
1 -1 -1
-238.352559 -141.016744 28.000000 137.000000
1 -1 -1
-246.668599 -138.010762 36.000000 126.000000
1 -1 -1
-239.542745 -134.409688 37.000000 140.000000
1 -1 -1
-232.416890 -150.126241 28.000000 139.000000
1 -1 -1
-223.383687 -135.950826 28.000000 138.000000
1 -1 -1
-32.942589 -212.889496 24.000000 160.000000
-1 1 -1
-40.633018 -183.104340 24.000000 160.000000
-1 1 -1
-88.637169 -186.568085 23.000000 157.000000
-1 1 -1
-42.204674 -164.336029 27.000000 151.000000
-1 1 -1
-57.081993 -188.887421 25.000000 156.000000
-1 1 -1
-55.235680 -194.487396 22.000000 151.000000
-1 1 -1
-88.591392 -197.829071 20.000000 158.000000
-1 1 -1
-94.495933 -193.648163 25.000000 163.000000
-1 1 -1
-71.832631 -208.139394 14.000000 161.000000
-1 1 -1
-58.099721 -176.279042 32.000000 154.000000
-1 1 -1
-61.059926 -162.637685 25.000000 150.000000
-1 1 -1
-41.650746 -190.004322 24.000000 156.000000
-1 1 -1
-73.999379 -221.689198 24.000000 152.000000
-1 1 -1
-40.475819 -172.235463 23.000000 153.000000
-1 1 -1
-87.782948 -192.285512 23.000000 150.000000
-1 1 -1
-80.087636 -162.851308 21.000000 166.000000
-1 1 -1
-77.150226 -208.436855 22.000000 160.000000
-1 1 -1
-85.045124 -172.395595 23.000000 151.000000
-1 1 -1
-19.594077 -200.776942 32.000000 153.000000
-1 1 -1
-76.509357 -179.963954 24.000000 153.000000
-1 1 -1
-64.836383 -201.631435 25.000000 156.000000
-1 1 -1
-63.463096 -177.186855 21.000000 154.000000
-1 1 -1
-102.220416 -157.930263 19.000000 159.000000
-1 1 -1
-82.567096 -151.079066 20.000000 151.000000
-1 1 -1
-154.434628 -122.269108 59.000000 165.000000
-1 -1 1
-137.665219 -135.315366 51.000000 160.000000
-1 -1 1
-127.762265 -126.816228 58.000000 161.000000
-1 -1 1
-93.597844 -125.778630 69.000000 162.000000
-1 -1 1
-119.995549 -125.854924 58.000000 170.000000
-1 -1 1
-138.911251 -148.743100 59.000000 155.000000
-1 -1 1
-132.568783 -120.560124 73.000000 153.000000
-1 -1 1
-125.442937 -108.627751 48.000000 157.000000
-1 -1 1
-123.481512 -135.932676 70.000000 159.000000
-1 -1 1
-111.778020 -112.434148 51.000000 155.000000
-1 -1 1
-114.280462 -128.288023 50.000000 156.000000
-1 -1 1
-105.842351 -117.713689 72.000000 161.000000
-1 -1 1
-132.545225 -126.884222 67.000000 155.000000
-1 -1 1
-137.290708 -136.222593 46.000000 148.000000
-1 -1 1
-135.680908 -138.389341 51.000000 157.000000
-1 -1 1
-125.465154 -128.009552 71.000000 151.000000
-1 -1 1
-94.905473 -118.617631 53.000000 160.000000
-1 -1 1
-97.468950 -137.691118 58.000000 159.000000
-1 -1 1
-106.944658 -139.339067 49.000000 149.000000
-1 -1 1
-114.192583 -125.514604 52.000000 150.000000
-1 -1 1
-123.790361 -131.389238 46.000000 152.000000
-1 -1 1
-114.497758 -135.326005 42.000000 150.000000
-1 -1 1
-120.921709 -130.351640 50.000000 155.000000
-1 -1 1
-111.613847 -134.517290 50.000000 134.000000
-1 -1 1
