105 4 3
-44.456870 -73.284689 39.000000 178.000000
1 -1 -1
-56.161055 -65.413854 38.000000 173.000000
1 -1 -1
-55.429513 -81.351301 36.000000 176.000000
1 -1 -1
-49.676730 -61.729774 55.000000 163.000000
1 -1 -1
-54.979325 -65.694497 32.000000 175.000000
1 -1 -1
-59.181182 -66.667348 38.000000 176.000000
1 -1 -1
-63.953044 -74.973223 38.000000 164.000000
1 -1 -1
-80.708533 -75.300101 31.000000 175.000000
1 -1 -1
-62.545903 -75.115067 41.000000 174.000000
1 -1 -1
-55.072521 -71.806668 71.000000 174.000000
1 -1 -1
-48.619174 -79.527950 40.000000 175.000000
1 -1 -1
-56.048198 -69.164841 49.000000 171.000000
1 -1 -1
-84.353799 -74.016488 34.000000 172.000000
1 -1 -1
-45.099465 -67.037494 46.000000 162.000000
1 -1 -1
-65.996961 -78.070478 22.000000 169.000000
1 -1 -1
-56.374515 -65.571452 34.000000 167.000000
1 -1 -1
-75.150396 -65.454632 23.000000 158.000000
1 -1 -1
-61.832703 -71.956714 41.000000 171.000000
1 -1 -1
-50.044440 -76.754040 36.000000 176.000000
1 -1 -1
-137.032861 -97.725956 35.000000 156.000000
1 -1 -1
-152.952598 -103.844867 32.000000 149.000000
1 -1 -1
-127.629951 -103.111952 36.000000 146.000000
1 -1 -1
-118.217784 -108.637172 53.000000 147.000000
1 -1 -1
-112.332664 -92.100233 37.000000 155.000000
1 -1 -1
-122.262257 -98.615499 44.000000 157.000000
1 -1 -1
-114.178135 -95.215116 57.000000 153.000000
1 -1 -1
-136.705657 -88.551262 39.000000 163.000000
1 -1 -1
-117.967511 -94.929599 47.000000 155.000000
1 -1 -1
-103.580100 -98.537914 39.000000 153.000000
1 -1 -1
-126.490606 -91.521328 41.000000 157.000000
1 -1 -1
-139.084218 -85.272125 38.000000 153.000000
1 -1 -1
-123.554476 -88.683446 40.000000 163.000000
1 -1 -1
-122.301595 -76.430270 41.000000 158.000000
1 -1 -1
-138.340254 -90.297694 38.000000 154.000000
1 -1 -1
-134.675810 -80.562868 42.000000 162.000000
1 -1 -1
127.297999 87.250424 49.000000 151.000000
1 -1 -1
-132.539721 -80.595525 40.000000 149.000000
1 -1 -1
-128.896140 -90.935940 47.000000 160.000000
1 -1 -1
142.866369 85.124294 53.000000 150.000000
1 -1 -1
-208.501207 -118.424292 27.000000 135.000000
1 -1 -1
-193.523138 -118.257630 27.000000 133.000000
1 -1 -1
-177.295447 -117.957224 25.000000 145.000000
1 -1 -1
-192.713868 -114.013082 27.000000 133.000000
1 -1 -1
-195.310563 -107.141040 28.000000 134.000000
1 -1 -1
-181.556303 -118.657824 30.000000 137.000000
1 -1 -1
-183.382027 -119.835565 39.000000 135.000000
1 -1 -1
-199.214414 -115.511091 28.000000 135.000000
1 -1 -1
-197.227774 -114.794937 38.000000 134.000000
1 -1 -1
-201.869856 -117.973741 25.000000 144.000000
1 -1 -1
-193.511285 -110.447420 38.000000 137.000000
1 -1 -1
-208.119788 -113.842356 26.000000 134.000000
1 -1 -1
163.747189 118.420618 30.000000 149.000000
1 -1 -1
-190.286047 -106.527534 26.000000 134.000000
1 -1 -1
-189.992734 -107.140337 36.000000 132.000000
1 -1 -1
-211.951544 -122.810385 25.000000 133.000000
1 -1 -1
-213.671258 -110.933431 25.000000 132.000000
1 -1 -1
-228.862049 -117.713659 25.000000 134.000000
1 -1 -1
-184.338045 -123.975626 26.000000 134.000000
1 -1 -1
-239.336473 -156.520197 37.000000 136.000000
1 -1 -1
-252.379074 -148.788932 35.000000 137.000000
1 -1 -1
-246.223997 -139.977875 38.000000 136.000000
1 -1 -1
-238.284835 -148.033613 35.000000 137.000000
1 -1 -1
-242.100319 -134.904706 35.000000 137.000000
1 -1 -1
-246.666190 -158.736375 37.000000 135.000000
1 -1 -1
-239.979037 -147.559527 24.000000 135.000000
1 -1 -1
-240.118445 -153.688947 35.000000 137.000000
1 -1 -1
-249.723038 -152.269857 37.000000 136.000000
1 -1 -1
-299.182477 -154.151438 35.000000 137.000000
1 -1 -1
-256.742704 -146.719312 38.000000 137.000000
1 -1 -1
-231.943787 -144.316312 26.000000 139.000000
1 -1 -1
-270.220049 -140.920627 35.000000 139.000000
1 -1 -1
-231.918883 -140.292339 38.000000 136.000000
1 -1 -1
-232.070290 -141.507461 26.000000 135.000000
1 -1 -1
-243.793008 -152.033416 35.000000 134.000000
1 -1 -1
-246.405204 -154.233279 38.000000 135.000000
1 -1 -1
-257.347819 -145.075628 38.000000 140.000000
1 -1 -1
-248.002238 -142.512126 37.000000 138.000000
1 -1 -1
-251.374180 -136.074108 36.000000 126.000000
1 -1 -1
-248.984409 -134.975741 37.000000 140.000000
1 -1 -1
-242.504769 -151.277997 37.000000 139.000000
1 -1 -1
-229.380258 -136.297430 39.000000 138.000000
1 -1 -1
-35.522183 -213.962555 24.000000 161.000000
-1 1 -1
-44.582573 -182.723255 24.000000 160.000000
-1 1 -1
100.950968 185.798990 23.000000 157.000000
-1 1 -1
49.513251 165.822549 27.000000 149.000000
-1 1 -1
-61.192168 -189.458877 24.000000 156.000000
-1 1 -1
65.338728 194.423094 22.000000 150.000000
-1 1 -1
-108.275914 -198.420382 20.000000 158.000000
-1 1 -1
-77.841165 -193.356829 25.000000 162.000000
-1 1 -1
-81.685496 -208.847990 14.000000 160.000000
-1 1 -1
-62.766262 -175.393803 32.000000 154.000000
-1 1 -1
-60.348493 -162.378695 24.000000 150.000000
-1 1 -1
-39.833422 -190.051187 24.000000 156.000000
-1 1 -1
-156.022050 -122.401390 59.000000 165.000000
-1 -1 1
-138.187592 -136.184943 51.000000 160.000000
-1 -1 1
-126.806664 -126.754555 58.000000 161.000000
-1 -1 1
-95.255869 -126.433222 69.000000 162.000000
-1 -1 1
-120.430106 -125.650000 58.000000 170.000000
-1 -1 1
-140.866016 -150.625460 59.000000 155.000000
-1 -1 1
-137.145069 -121.495436 73.000000 153.000000
-1 -1 1
130.784277 108.837126 48.000000 157.000000
-1 -1 1
-122.509314 -135.957421 69.000000 158.000000
-1 -1 1
113.623208 112.426388 52.000000 155.000000
-1 -1 1
114.823227 128.449382 50.000000 157.000000
-1 -1 1
-109.306932 -118.205790 55.000000 162.000000
-1 -1 1
