81 3 4
0.791435 0.750679 2.167255
1 -1 -1 -1
0.434380 0.964912 0.834305
1 -1 -1 -1
0.418877 0.685615 4.368142
1 -1 -1 -1
0.723198 1.716621 1.705805
1 -1 -1 -1
0.880791 1.176582 2.741706
1 -1 -1 -1
1.303154 1.104805 2.321884
1 -1 -1 -1
0.960381 1.096626 2.242993
1 -1 -1 -1
1.392266 0.718330 1.750083
1 -1 -1 -1
0.691094 0.683662 1.964032
1 -1 -1 -1
0.661064 1.533272 2.183402
1 -1 -1 -1
0.692925 0.671821 2.361879
1 -1 -1 -1
0.705620 1.288276 2.501774
1 -1 -1 -1
0.981621 0.798775 2.121658
1 -1 -1 -1
1.079888 1.180366 1.589936
1 -1 -1 -1
0.744927 1.787544 2.739205
1 -1 -1 -1
1.226250 1.191231 2.084970
1 -1 -1 -1
0.553520 0.781929 2.062198
1 -1 -1 -1
0.825737 0.899483 1.747904
1 -1 -1 -1
0.697563 0.891670 2.083688
1 -1 -1 -1
1.911079 1.986015 1.332034
-1 1 -1 -1
0.605782 1.193535 1.308575
-1 1 -1 -1
0.934639 1.187187 1.308740
-1 1 -1 -1
0.990669 1.047905 1.489200
-1 1 -1 -1
0.992622 1.479179 1.328088
-1 1 -1 -1
0.956245 1.029839 1.448802
-1 1 -1 -1
1.300362 1.145927 1.370048
-1 1 -1 -1
1.085274 0.892998 1.468038
-1 1 -1 -1
1.083809 1.116508 1.309513
-1 1 -1 -1
1.122139 1.029961 1.447583
-1 1 -1 -1
0.953438 1.244072 1.392396
-1 1 -1 -1
1.306953 1.653618 1.347092
-1 1 -1 -1
1.241524 1.434380 1.349591
-1 1 -1 -1
1.064034 1.267876 1.388324
-1 1 -1 -1
1.140938 1.131889 1.273656
-1 1 -1 -1
1.057198 1.190361 1.486738
-1 1 -1 -1
1.181587 1.391167 1.409080
-1 1 -1 -1
1.117744 1.650322 1.267902
-1 1 -1 -1
1.150826 1.217094 1.291682
-1 1 -1 -1
1.068550 1.466606 1.329018
-1 1 -1 -1
1.142403 1.405205 1.370497
-1 1 -1 -1
1.548920 2.513458 1.168304
-1 -1 1 -1
1.443939 2.190704 1.154054
-1 -1 1 -1
1.413788 1.651154 1.169548
-1 -1 1 -1
1.518768 1.964386 1.209774
-1 -1 1 -1
1.427460 2.373688 1.489103
-1 -1 1 -1
1.618500 2.041901 0.791371
-1 -1 1 -1
1.857513 2.576691 1.231311
-1 -1 1 -1
1.788300 2.304474 1.169815
-1 -1 1 -1
1.625336 1.909576 1.232167
-1 -1 1 -1
1.586761 2.142120 1.208094
-1 -1 1 -1
1.640228 2.496246 1.191696
-1 -1 1 -1
1.878754 1.928253 1.152514
-1 -1 1 -1
1.351532 1.844879 1.230438
-1 -1 1 -1
1.494720 1.485992 1.249013
-1 -1 1 -1
1.539276 1.790558 1.129181
-1 -1 1 -1
1.683685 2.314484 1.253161
-1 -1 1 -1
1.669159 1.944733 1.149438
-1 -1 1 -1
1.527069 1.594513 1.607264
-1 -1 1 -1
2.073822 2.503082 0.815458
-1 -1 1 -1
1.620209 2.087677 1.231238
-1 -1 1 -1
1.542938 2.150909 1.427547
-1 -1 1 -1
1.703369 2.450927 1.032421
-1 -1 -1 1
1.647461 2.428711 1.031908
-1 -1 -1 1
1.497071 2.641967 1.072069
-1 -1 -1 1
2.173828 2.641967 0.992958
-1 -1 -1 1
1.848389 2.575805 1.091918
-1 -1 -1 1
1.959351 2.641967 1.049486
-1 -1 -1 1
1.987427 2.641967 1.012130
-1 -1 -1 1
1.969971 2.641967 1.094933
-1 -1 -1 1
1.812500 2.641967 1.029994
-1 -1 -1 1
1.806397 2.641967 1.014702
-1 -1 -1 1
1.979615 2.641967 1.090631
-1 -1 -1 1
1.884400 2.642700 1.387029
-1 -1 -1 1
1.909180 2.641967 0.895989
-1 -1 -1 1
1.031494 2.641967 0.891324
-1 -1 -1 1
1.728516 2.606811 1.427963
-1 -1 -1 1
2.296997 2.586670 1.809231
-1 -1 -1 1
1.912232 2.641967 1.388493
-1 -1 -1 1
2.001709 2.634887 1.805339
-1 -1 -1 1
1.687744 2.367553 1.092932
-1 -1 -1 1
1.431763 2.639038 1.227182
-1 -1 -1 1
